-1.262 -1.071 -0.870 -0.654 -0.427 -0.198  0.024  0.225  0.393  0.517  0.589  0.605  0.565  0.474  0.339  0.174 -0.008 -0.190 -0.357 -0.495 -0.590 -0.636 -0.628 -0.567 -0.458 -0.311 -0.137  0.048  0.228  0.388  0.516  0.599  0.631  0.609  0.536  0.419  0.266  0.093 -0.087 -0.257 -0.403 -0.513 -0.577 -0.589 -0.549 -0.461 -0.332 -0.174 -0.000  0.173  0.332  0.461  0.549  0.589  0.576  0.513  0.403  0.257  0.086 -0.093 -0.267 -0.419 -0.537 -0.610 -0.631 
-1.071 -0.896 -0.721 -0.542 -0.359 -0.177 -0.004  0.152  0.281  0.377  0.433  0.447  0.419  0.351  0.251  0.128 -0.007 -0.143 -0.268 -0.371 -0.442 -0.476 -0.470 -0.425 -0.343 -0.233 -0.103  0.035  0.170  0.290  0.386  0.448  0.472  0.457  0.403  0.315  0.202  0.073 -0.061 -0.189 -0.298 -0.380 -0.428 -0.437 -0.408 -0.342 -0.247 -0.129 -0.000  0.129  0.246  0.342  0.408  0.437  0.427  0.380  0.298  0.188  0.061 -0.073 -0.202 -0.315 -0.403 -0.457 -0.472 
-0.870 -0.721 -0.578 -0.434 -0.290 -0.148 -0.015  0.105  0.204  0.277  0.320  0.331  0.311  0.261  0.186  0.095 -0.006 -0.108 -0.201 -0.278 -0.331 -0.356 -0.352 -0.318 -0.257 -0.174 -0.077  0.026  0.127  0.217  0.289  0.336  0.354  0.343  0.303  0.238  0.153  0.057 -0.043 -0.138 -0.219 -0.281 -0.317 -0.324 -0.303 -0.254 -0.183 -0.096 -0.000  0.096  0.183  0.254  0.303  0.324  0.317  0.281  0.219  0.138  0.043 -0.057 -0.153 -0.238 -0.303 -0.342 -0.353 
-0.654 -0.542 -0.434 -0.326 -0.218 -0.112 -0.012  0.078  0.152  0.207  0.239  0.248  0.232  0.195  0.139  0.071 -0.005 -0.081 -0.150 -0.208 -0.248 -0.267 -0.263 -0.238 -0.192 -0.130 -0.058  0.020  0.095  0.163  0.216  0.252  0.266  0.258  0.228  0.180  0.117  0.045 -0.030 -0.100 -0.161 -0.207 -0.234 -0.240 -0.224 -0.189 -0.136 -0.071 -0.000  0.071  0.136  0.188  0.224  0.240  0.234  0.207  0.161  0.100  0.030 -0.045 -0.117 -0.179 -0.228 -0.257 -0.265 
-0.427 -0.359 -0.290 -0.218 -0.143 -0.069  0.002  0.066  0.120  0.159  0.182  0.188  0.175  0.147  0.105  0.053 -0.003 -0.060 -0.112 -0.155 -0.185 -0.199 -0.197 -0.178 -0.144 -0.097 -0.043  0.015  0.072  0.122  0.162  0.189  0.200  0.194  0.172  0.136  0.089  0.036 -0.020 -0.073 -0.118 -0.153 -0.173 -0.178 -0.166 -0.140 -0.101 -0.053 -0.000  0.053  0.101  0.140  0.166  0.178  0.173  0.153  0.118  0.073  0.020 -0.035 -0.089 -0.136 -0.171 -0.193 -0.199 
-0.198 -0.177 -0.148 -0.112 -0.069 -0.023  0.023  0.066  0.102  0.128  0.143  0.145  0.135  0.113  0.080  0.041 -0.001 -0.044 -0.083 -0.116 -0.138 -0.149 -0.147 -0.133 -0.107 -0.073 -0.032  0.011  0.054  0.092  0.122  0.142  0.150  0.146  0.130  0.103  0.068  0.028 -0.013 -0.052 -0.087 -0.112 -0.128 -0.131 -0.123 -0.103 -0.075 -0.039  0.000  0.039  0.075  0.103  0.123  0.131  0.128  0.112  0.087  0.053  0.013 -0.028 -0.068 -0.103 -0.129 -0.145 -0.149 
 0.024 -0.004 -0.015 -0.012  0.002  0.023  0.047  0.072  0.093  0.108  0.116  0.116  0.106  0.088  0.063  0.033  0.001 -0.032 -0.061 -0.086 -0.103 -0.111 -0.110 -0.099 -0.080 -0.054 -0.024  0.009  0.041  0.069  0.092  0.107  0.113  0.110  0.098  0.079  0.053  0.023 -0.008 -0.038 -0.063 -0.082 -0.094 -0.097 -0.091 -0.076 -0.055 -0.029  0.000  0.029  0.055  0.076  0.091  0.097  0.094  0.083  0.063  0.038  0.008 -0.023 -0.052 -0.078 -0.098 -0.109 -0.112 
 0.225  0.152  0.105  0.078  0.066  0.066  0.072  0.081  0.090  0.096  0.098  0.095  0.085  0.070  0.051  0.027  0.002 -0.022 -0.045 -0.063 -0.076 -0.082 -0.082 -0.074 -0.059 -0.040 -0.017  0.007  0.031  0.052  0.069  0.081  0.086  0.083  0.075  0.060  0.041  0.018 -0.005 -0.027 -0.046 -0.060 -0.069 -0.071 -0.067 -0.056 -0.041 -0.021  0.000  0.021  0.041  0.056  0.067  0.071  0.069  0.060  0.046  0.027  0.005 -0.018 -0.040 -0.059 -0.074 -0.083 -0.085 
 0.393  0.281  0.204  0.152  0.120  0.102  0.093  0.090  0.089  0.088  0.086  0.080  0.071  0.058  0.042  0.023  0.004 -0.015 -0.032 -0.046 -0.056 -0.061 -0.061 -0.055 -0.044 -0.030 -0.013  0.006  0.024  0.040  0.053  0.061  0.065  0.063  0.057  0.046  0.032  0.015 -0.002 -0.019 -0.033 -0.044 -0.051 -0.052 -0.049 -0.042 -0.030 -0.016  0.000  0.016  0.030  0.042  0.049  0.052  0.051  0.044  0.033  0.019  0.003 -0.015 -0.031 -0.045 -0.056 -0.063 -0.064 
 0.517  0.377  0.277  0.207  0.159  0.128  0.108  0.096  0.088  0.082  0.076  0.069  0.060  0.048  0.035  0.020  0.005 -0.010 -0.023 -0.034 -0.041 -0.045 -0.045 -0.040 -0.033 -0.022 -0.009  0.005  0.018  0.030  0.040  0.046  0.049  0.048  0.043  0.035  0.025  0.012 -0.001 -0.013 -0.024 -0.032 -0.037 -0.038 -0.036 -0.030 -0.022 -0.012  0.000  0.012  0.022  0.031  0.036  0.038  0.037  0.032  0.024  0.013  0.001 -0.012 -0.024 -0.035 -0.043 -0.048 -0.049 
 0.589  0.433  0.320  0.239  0.182  0.143  0.116  0.098  0.086  0.076  0.068  0.060  0.051  0.041  0.030  0.018  0.006 -0.006 -0.016 -0.024 -0.030 -0.033 -0.033 -0.030 -0.024 -0.016 -0.006  0.004  0.014  0.023  0.030  0.035  0.038  0.037  0.033  0.027  0.019  0.010  0.001 -0.009 -0.017 -0.023 -0.027 -0.028 -0.026 -0.022 -0.016 -0.008  0.000  0.009  0.016  0.023  0.027  0.028  0.027  0.023  0.017  0.009 -0.000 -0.010 -0.019 -0.027 -0.033 -0.036 -0.037 
 0.605  0.447  0.331  0.248  0.188  0.145  0.116  0.095  0.080  0.069  0.060  0.051  0.043  0.034  0.025  0.015  0.006 -0.003 -0.011 -0.017 -0.022 -0.024 -0.024 -0.022 -0.017 -0.011 -0.004  0.003  0.011  0.018  0.023  0.027  0.029  0.028  0.026  0.021  0.015  0.008  0.001 -0.006 -0.012 -0.016 -0.019 -0.020 -0.019 -0.016 -0.012 -0.006  0.000  0.006  0.012  0.016  0.019  0.020  0.020  0.017  0.012  0.006 -0.001 -0.008 -0.015 -0.021 -0.025 -0.028 -0.028 
 0.565  0.419  0.311  0.232  0.175  0.135  0.106  0.085  0.071  0.060  0.051  0.043  0.036  0.028  0.021  0.013  0.006 -0.001 -0.008 -0.012 -0.016 -0.018 -0.018 -0.016 -0.013 -0.008 -0.003  0.003  0.009  0.014  0.018  0.021  0.022  0.022  0.020  0.017  0.012  0.007  0.002 -0.003 -0.008 -0.012 -0.014 -0.015 -0.014 -0.012 -0.009 -0.004  0.000  0.005  0.009  0.012  0.014  0.015  0.014  0.012  0.008  0.004 -0.001 -0.007 -0.012 -0.016 -0.019 -0.021 -0.022 
 0.474  0.351  0.261  0.195  0.147  0.113  0.088  0.070  0.058  0.048  0.041  0.034  0.028  0.022  0.016  0.010  0.005 -0.001 -0.005 -0.009 -0.012 -0.013 -0.013 -0.012 -0.009 -0.006 -0.002  0.003  0.007  0.011  0.014  0.016  0.017  0.017  0.016  0.013  0.010  0.006  0.002 -0.002 -0.005 -0.008 -0.010 -0.010 -0.010 -0.009 -0.006 -0.003  0.000  0.003  0.006  0.009  0.010  0.011  0.010  0.008  0.006  0.002 -0.002 -0.006 -0.009 -0.013 -0.015 -0.016 -0.017 
 0.339  0.251  0.186  0.139  0.105  0.080  0.063  0.051  0.042  0.035  0.030  0.025  0.021  0.016  0.012  0.008  0.003 -0.000 -0.004 -0.007 -0.009 -0.010 -0.009 -0.008 -0.007 -0.004 -0.001  0.002  0.006  0.009  0.011  0.013  0.013  0.013  0.012  0.010  0.008  0.005  0.002 -0.001 -0.003 -0.005 -0.007 -0.007 -0.007 -0.006 -0.004 -0.002  0.000  0.003  0.005  0.006  0.007  0.008  0.007  0.006  0.004  0.001 -0.002 -0.005 -0.008 -0.010 -0.012 -0.013 -0.013 
 0.174  0.128  0.095  0.071  0.053  0.041  0.033  0.027  0.023  0.020  0.018  0.015  0.013  0.010  0.008  0.005  0.002 -0.001 -0.003 -0.005 -0.006 -0.007 -0.007 -0.006 -0.005 -0.003 -0.000  0.002  0.005  0.007  0.009  0.010  0.010  0.010  0.010  0.008  0.006  0.004  0.002 -0.000 -0.002 -0.004 -0.005 -0.005 -0.005 -0.004 -0.003 -0.002  0.000  0.002  0.003  0.005  0.005  0.005  0.005  0.004  0.002  0.000 -0.002 -0.004 -0.006 -0.008 -0.009 -0.010 -0.010 
-0.008 -0.007 -0.006 -0.005 -0.003 -0.001  0.001  0.002  0.004  0.005  0.006  0.006  0.006  0.005  0.003  0.002  0.000 -0.001 -0.003 -0.004 -0.005 -0.005 -0.005 -0.005 -0.003 -0.002 -0.000  0.002  0.004  0.005  0.007  0.008  0.008  0.008  0.008  0.007  0.005  0.004  0.002  0.000 -0.001 -0.002 -0.003 -0.004 -0.003 -0.003 -0.002 -0.001  0.000  0.001  0.002  0.003  0.004  0.004  0.003  0.003  0.001 -0.000 -0.002 -0.003 -0.005 -0.006 -0.007 -0.008 -0.008 
-0.190 -0.143 -0.108 -0.081 -0.060 -0.044 -0.032 -0.022 -0.015 -0.010 -0.006 -0.003 -0.001 -0.001 -0.000 -0.001 -0.001 -0.002 -0.003 -0.004 -0.004 -0.004 -0.004 -0.003 -0.002 -0.001  0.000  0.002  0.003  0.004  0.005  0.006  0.007  0.007  0.006  0.005  0.004  0.003  0.002  0.001 -0.000 -0.001 -0.002 -0.002 -0.002 -0.002 -0.001 -0.001  0.000  0.001  0.002  0.002  0.003  0.003  0.002  0.002  0.001 -0.000 -0.002 -0.003 -0.004 -0.005 -0.006 -0.006 -0.006 
-0.357 -0.268 -0.201 -0.150 -0.112 -0.083 -0.061 -0.045 -0.032 -0.023 -0.016 -0.011 -0.008 -0.005 -0.004 -0.003 -0.003 -0.003 -0.003 -0.003 -0.003 -0.003 -0.003 -0.002 -0.002 -0.001  0.000  0.002  0.003  0.004  0.004  0.005  0.005  0.005  0.005  0.005  0.004  0.003  0.002  0.001  0.000 -0.001 -0.001 -0.001 -0.001 -0.001 -0.001 -0.000  0.000  0.001  0.001  0.002  0.002  0.002  0.001  0.001  0.000 -0.001 -0.002 -0.003 -0.003 -0.004 -0.005 -0.005 -0.005 
-0.495 -0.371 -0.278 -0.208 -0.155 -0.116 -0.086 -0.063 -0.046 -0.034 -0.024 -0.017 -0.012 -0.009 -0.007 -0.005 -0.004 -0.004 -0.003 -0.003 -0.003 -0.003 -0.002 -0.002 -0.001 -0.000  0.001  0.001  0.002  0.003  0.004  0.004  0.004  0.004  0.004  0.004  0.003  0.003  0.002  0.001  0.000 -0.000 -0.001 -0.001 -0.001 -0.001 -0.001 -0.000  0.000  0.001  0.001  0.001  0.001  0.001  0.001  0.001 -0.000 -0.001 -0.001 -0.002 -0.003 -0.003 -0.004 -0.004 -0.004 
-0.590 -0.442 -0.331 -0.248 -0.185 -0.138 -0.103 -0.076 -0.056 -0.041 -0.030 -0.022 -0.016 -0.012 -0.009 -0.006 -0.005 -0.004 -0.003 -0.003 -0.003 -0.002 -0.002 -0.001 -0.001 -0.000  0.001  0.001  0.002  0.003  0.003  0.003  0.004  0.004  0.004  0.003  0.003  0.002  0.002  0.001  0.001  0.000 -0.000 -0.000 -0.000 -0.000 -0.000 -0.000  0.000  0.000  0.001  0.001  0.001  0.001  0.001  0.000 -0.000 -0.001 -0.001 -0.002 -0.002 -0.003 -0.003 -0.003 -0.003 
-0.636 -0.476 -0.356 -0.267 -0.199 -0.149 -0.111 -0.082 -0.061 -0.045 -0.033 -0.024 -0.018 -0.013 -0.010 -0.007 -0.005 -0.004 -0.003 -0.003 -0.002 -0.002 -0.001 -0.001 -0.000  0.000  0.001  0.001  0.002  0.002  0.003  0.003  0.003  0.003  0.003  0.003  0.002  0.002  0.002  0.001  0.001  0.000  0.000 -0.000 -0.000 -0.000 -0.000  0.000  0.000  0.000  0.000  0.001  0.001  0.000  0.000 -0.000 -0.000 -0.001 -0.001 -0.002 -0.002 -0.002 -0.003 -0.003 -0.003 
-0.628 -0.470 -0.352 -0.263 -0.197 -0.147 -0.110 -0.082 -0.061 -0.045 -0.033 -0.024 -0.018 -0.013 -0.009 -0.007 -0.005 -0.004 -0.003 -0.002 -0.002 -0.001 -0.001 -0.001 -0.000  0.000  0.001  0.001  0.002  0.002  0.002  0.003  0.003  0.003  0.003  0.002  0.002  0.002  0.001  0.001  0.001  0.001  0.000  0.000  0.000  0.000  0.000  0.000  0.000  0.000  0.000  0.000  0.000  0.000  0.000 -0.000 -0.000 -0.001 -0.001 -0.001 -0.002 -0.002 -0.002 -0.002 -0.002 
-0.567 -0.425 -0.318 -0.238 -0.178 -0.133 -0.099 -0.074 -0.055 -0.040 -0.030 -0.022 -0.016 -0.012 -0.008 -0.006 -0.005 -0.003 -0.002 -0.002 -0.001 -0.001 -0.001 -0.000  0.000  0.001  0.001  0.001  0.002  0.002  0.002  0.002  0.002  0.002  0.002  0.002  0.002  0.002  0.001  0.001  0.001  0.001  0.000  0.000  0.000  0.000  0.000  0.000  0.000  0.000  0.000  0.000  0.000  0.000 -0.000 -0.000 -0.000 -0.001 -0.001 -0.001 -0.002 -0.002 -0.002 -0.002 -0.002 
-0.458 -0.343 -0.257 -0.192 -0.144 -0.107 -0.080 -0.059 -0.044 -0.033 -0.024 -0.017 -0.013 -0.009 -0.007 -0.005 -0.003 -0.002 -0.002 -0.001 -0.001 -0.000 -0.000  0.000  0.000  0.001  0.001  0.001  0.001  0.002  0.002  0.002  0.002  0.002  0.002  0.002  0.002  0.002  0.001  0.001  0.001  0.001  0.001  0.000  0.000  0.000  0.000  0.000  0.000  0.000  0.000  0.000  0.000 -0.000 -0.000 -0.000 -0.000 -0.001 -0.001 -0.001 -0.001 -0.001 -0.002 -0.002 -0.002 
-0.311 -0.233 -0.174 -0.130 -0.097 -0.073 -0.054 -0.040 -0.030 -0.022 -0.016 -0.011 -0.008 -0.006 -0.004 -0.003 -0.002 -0.001 -0.001 -0.000 -0.000  0.000  0.000  0.001  0.001  0.001  0.001  0.001  0.001  0.002  0.002  0.002  0.002  0.002  0.002  0.002  0.002  0.001  0.001  0.001  0.001  0.001  0.001  0.000  0.000  0.000  0.000  0.000  0.000  0.000  0.000  0.000  0.000 -0.000 -0.000 -0.000 -0.000 -0.001 -0.001 -0.001 -0.001 -0.001 -0.001 -0.001 -0.001 
-0.137 -0.103 -0.077 -0.058 -0.043 -0.032 -0.024 -0.017 -0.013 -0.009 -0.006 -0.004 -0.003 -0.002 -0.001 -0.000 -0.000  0.000  0.000  0.001  0.001  0.001  0.001  0.001  0.001  0.001  0.001  0.001  0.001  0.002  0.002  0.002  0.002  0.002  0.002  0.002  0.001  0.001  0.001  0.001  0.001  0.001  0.001  0.000  0.000  0.000  0.000  0.000  0.000  0.000  0.000  0.000 -0.000 -0.000 -0.000 -0.000 -0.000 -0.001 -0.001 -0.001 -0.001 -0.001 -0.001 -0.001 -0.001 
 0.048  0.035  0.026  0.020  0.015  0.011  0.009  0.007  0.006  0.005  0.004  0.003  0.003  0.003  0.002  0.002  0.002  0.002  0.002  0.001  0.001  0.001  0.001  0.001  0.001  0.001  0.001  0.001  0.001  0.002  0.002  0.002  0.002  0.002  0.002  0.001  0.001  0.001  0.001  0.001  0.001  0.001  0.001  0.001  0.000  0.000  0.000  0.000  0.000  0.000  0.000  0.000 -0.000 -0.000 -0.000 -0.000 -0.000 -0.001 -0.001 -0.001 -0.001 -0.001 -0.001 -0.001 -0.001 
 0.228  0.170  0.127  0.095  0.072  0.054  0.041  0.031  0.024  0.018  0.014  0.011  0.009  0.007  0.006  0.005  0.004  0.003  0.003  0.002  0.002  0.002  0.002  0.002  0.001  0.001  0.001  0.001  0.001  0.001  0.001  0.001  0.001  0.001  0.001  0.001  0.001  0.001  0.001  0.001  0.001  0.001  0.001  0.001  0.000  0.000  0.000  0.000  0.000  0.000  0.000  0.000 -0.000 -0.000 -0.000 -0.000 -0.000 -0.000 -0.001 -0.001 -0.001 -0.001 -0.001 -0.001 -0.001 
 0.388  0.290  0.217  0.163  0.122  0.092  0.069  0.052  0.040  0.030  0.023  0.018  0.014  0.011  0.009  0.007  0.005  0.004  0.004  0.003  0.003  0.002  0.002  0.002  0.002  0.002  0.002  0.002  0.001  0.001  0.001  0.001  0.001  0.001  0.001  0.001  0.001  0.001  0.001  0.001  0.001  0.001  0.001  0.001  0.000  0.000  0.000  0.000  0.000  0.000  0.000  0.000 -0.000 -0.000 -0.000 -0.000 -0.000 -0.000 -0.001 -0.001 -0.001 -0.001 -0.001 -0.001 -0.001 
 0.516  0.386  0.289  0.216  0.162  0.122  0.092  0.069  0.053  0.040  0.030  0.023  0.018  0.014  0.011  0.009  0.007  0.005  0.004  0.004  0.003  0.003  0.002  0.002  0.002  0.002  0.002  0.002  0.001  0.001  0.001  0.001  0.001  0.001  0.001  0.001  0.001  0.001  0.001  0.001  0.001  0.001  0.001  0.001  0.000  0.000  0.000  0.000  0.000  0.000  0.000  0.000 -0.000 -0.000 -0.000 -0.000 -0.000 -0.000 -0.000 -0.001 -0.001 -0.001 -0.001 -0.001 -0.001 
 0.599  0.448  0.336  0.252  0.189  0.142  0.107  0.081  0.061  0.046  0.035  0.027  0.021  0.016  0.013  0.010  0.008  0.006  0.005  0.004  0.003  0.003  0.003  0.002  0.002  0.002  0.002  0.002  0.001  0.001  0.001  0.001  0.001  0.001  0.001  0.001  0.001  0.001  0.001  0.001  0.001  0.001  0.001  0.001  0.000  0.000  0.000  0.000  0.000  0.000  0.000  0.000 -0.000 -0.000 -0.000 -0.000 -0.000 -0.000 -0.000 -0.000 -0.001 -0.001 -0.001 -0.001 -0.001 
 0.631  0.472  0.354  0.266  0.200  0.150  0.113  0.086  0.065  0.049  0.038  0.029  0.022  0.017  0.013  0.010  0.008  0.007  0.005  0.004  0.004  0.003  0.003  0.002  0.002  0.002  0.002  0.002  0.001  0.001  0.001  0.001  0.001  0.001  0.001  0.001  0.001  0.001  0.001  0.001  0.001  0.001  0.001  0.000  0.000  0.000  0.000  0.000  0.000  0.000  0.000  0.000 -0.000 -0.000 -0.000 -0.000 -0.000 -0.000 -0.000 -0.000 -0.000 -0.000 -0.001 -0.001 -0.001 
 0.609  0.457  0.343  0.258  0.194  0.146  0.110  0.083  0.063  0.048  0.037  0.028  0.022  0.017  0.013  0.010  0.008  0.007  0.005  0.004  0.004  0.003  0.003  0.002  0.002  0.002  0.002  0.002  0.001  0.001  0.001  0.001  0.001  0.001  0.001  0.001  0.001  0.001  0.001  0.001  0.001  0.001  0.001  0.000  0.000  0.000  0.000  0.000  0.000  0.000  0.000  0.000 -0.000 -0.000 -0.000 -0.000 -0.000 -0.000 -0.000 -0.000 -0.000 -0.000 -0.000 -0.000 -0.000 
 0.536  0.403  0.303  0.228  0.172  0.130  0.098  0.075  0.057  0.043  0.033  0.026  0.020  0.016  0.012  0.010  0.008  0.006  0.005  0.004  0.004  0.003  0.003  0.002  0.002  0.002  0.002  0.002  0.001  0.001  0.001  0.001  0.001  0.001  0.001  0.001  0.001  0.001  0.001  0.001  0.001  0.001  0.001  0.000  0.000  0.000  0.000  0.000  0.000  0.000  0.000  0.000 -0.000 -0.000 -0.000 -0.000 -0.000 -0.000 -0.000 -0.000 -0.000 -0.000 -0.000 -0.000 -0.000 
 0.419  0.315  0.238  0.180  0.136  0.103  0.079  0.060  0.046  0.035  0.027  0.021  0.017  0.013  0.010  0.008  0.007  0.005  0.005  0.004  0.003  0.003  0.002  0.002  0.002  0.002  0.002  0.001  0.001  0.001  0.001  0.001  0.001  0.001  0.001  0.001  0.001  0.001  0.001  0.001  0.001  0.001  0.000  0.000  0.000  0.000  0.000  0.000  0.000  0.000  0.000  0.000 -0.000 -0.000 -0.000 -0.000 -0.000 -0.000 -0.000 -0.000 -0.000 -0.000 -0.000 -0.000 -0.000 
 0.266  0.202  0.153  0.117  0.089  0.068  0.053  0.041  0.032  0.025  0.019  0.015  0.012  0.010  0.008  0.006  0.005  0.004  0.004  0.003  0.003  0.002  0.002  0.002  0.002  0.002  0.001  0.001  0.001  0.001  0.001  0.001  0.001  0.001  0.001  0.001  0.001  0.001  0.001  0.001  0.001  0.001  0.000  0.000  0.000  0.000  0.000  0.000  0.000  0.000  0.000  0.000 -0.000 -0.000 -0.000 -0.000 -0.000 -0.000 -0.000 -0.000 -0.000 -0.000 -0.000 -0.000 -0.000 
 0.093  0.073  0.057  0.045  0.036  0.028  0.023  0.018  0.015  0.012  0.010  0.008  0.007  0.006  0.005  0.004  0.004  0.003  0.003  0.003  0.002  0.002  0.002  0.002  0.002  0.001  0.001  0.001  0.001  0.001  0.001  0.001  0.001  0.001  0.001  0.001  0.001  0.001  0.001  0.001  0.001  0.000  0.000  0.000  0.000  0.000  0.000  0.000  0.000  0.000  0.000  0.000 -0.000 -0.000 -0.000 -0.000 -0.000 -0.000 -0.000 -0.000 -0.000 -0.000 -0.000 -0.000 -0.000 
-0.087 -0.061 -0.043 -0.030 -0.020 -0.013 -0.008 -0.005 -0.002 -0.001  0.001  0.001  0.002  0.002  0.002  0.002  0.002  0.002  0.002  0.002  0.002  0.002  0.001  0.001  0.001  0.001  0.001  0.001  0.001  0.001  0.001  0.001  0.001  0.001  0.001  0.001  0.001  0.001  0.001  0.001  0.000  0.000  0.000  0.000  0.000  0.000  0.000  0.000  0.000  0.000  0.000  0.000  0.000 -0.000 -0.000 -0.000 -0.000 -0.000 -0.000 -0.000 -0.000 -0.000 -0.000 -0.000 -0.000 
-0.257 -0.189 -0.138 -0.100 -0.073 -0.052 -0.038 -0.027 -0.019 -0.013 -0.009 -0.006 -0.003 -0.002 -0.001 -0.000  0.000  0.001  0.001  0.001  0.001  0.001  0.001  0.001  0.001  0.001  0.001  0.001  0.001  0.001  0.001  0.001  0.001  0.001  0.001  0.001  0.001  0.001  0.001  0.000  0.000  0.000  0.000  0.000  0.000  0.000  0.000  0.000  0.000  0.000  0.000  0.000  0.000 -0.000 -0.000 -0.000 -0.000 -0.000 -0.000 -0.000 -0.000 -0.000 -0.000 -0.000 -0.000 
-0.403 -0.298 -0.219 -0.161 -0.118 -0.087 -0.063 -0.046 -0.033 -0.024 -0.017 -0.012 -0.008 -0.005 -0.003 -0.002 -0.001 -0.000  0.000  0.000  0.001  0.001  0.001  0.001  0.001  0.001  0.001  0.001  0.001  0.001  0.001  0.001  0.001  0.001  0.001  0.001  0.001  0.001  0.000  0.000  0.000  0.000  0.000  0.000  0.000  0.000  0.000  0.000  0.000  0.000  0.000  0.000  0.000 -0.000 -0.000 -0.000 -0.000 -0.000 -0.000 -0.000 -0.000 -0.000 -0.000 -0.000 -0.000 
-0.513 -0.380 -0.281 -0.207 -0.153 -0.112 -0.082 -0.060 -0.044 -0.032 -0.023 -0.016 -0.012 -0.008 -0.005 -0.004 -0.002 -0.001 -0.001 -0.000  0.000  0.000  0.001  0.001  0.001  0.001  0.001  0.001  0.001  0.001  0.001  0.001  0.001  0.001  0.001  0.001  0.001  0.000  0.000  0.000  0.000  0.000  0.000  0.000  0.000  0.000  0.000  0.000  0.000  0.000  0.000  0.000  0.000 -0.000 -0.000 -0.000 -0.000 -0.000 -0.000 -0.000 -0.000 -0.000 -0.000 -0.000 -0.000 
-0.577 -0.428 -0.317 -0.234 -0.173 -0.128 -0.094 -0.069 -0.051 -0.037 -0.027 -0.019 -0.014 -0.010 -0.007 -0.005 -0.003 -0.002 -0.001 -0.001 -0.000  0.000  0.000  0.000  0.001  0.001  0.001  0.001  0.001  0.001  0.001  0.001  0.001  0.001  0.001  0.000  0.000  0.000  0.000  0.000  0.000  0.000  0.000  0.000  0.000  0.000  0.000  0.000  0.000  0.000  0.000  0.000  0.000 -0.000 -0.000 -0.000 -0.000 -0.000 -0.000 -0.000 -0.000 -0.000 -0.000 -0.000 -0.000 
-0.589 -0.437 -0.324 -0.240 -0.178 -0.131 -0.097 -0.071 -0.052 -0.038 -0.028 -0.020 -0.015 -0.010 -0.007 -0.005 -0.004 -0.002 -0.001 -0.001 -0.000 -0.000  0.000  0.000  0.000  0.000  0.000  0.001  0.001  0.001  0.001  0.001  0.000  0.000  0.000  0.000  0.000  0.000  0.000  0.000  0.000  0.000  0.000  0.000  0.000  0.000  0.000  0.000  0.000  0.000  0.000  0.000  0.000 -0.000 -0.000 -0.000 -0.000 -0.000 -0.000 -0.000 -0.000 -0.000 -0.000 -0.000 -0.000 
-0.549 -0.408 -0.303 -0.224 -0.166 -0.123 -0.091 -0.067 -0.049 -0.036 -0.026 -0.019 -0.014 -0.010 -0.007 -0.005 -0.003 -0.002 -0.001 -0.001 -0.000 -0.000  0.000  0.000  0.000  0.000  0.000  0.000  0.000  0.000  0.000  0.000  0.000  0.000  0.000  0.000  0.000  0.000  0.000  0.000  0.000  0.000  0.000  0.000  0.000  0.000  0.000  0.000  0.000  0.000  0.000  0.000  0.000 -0.000 -0.000 -0.000 -0.000 -0.000 -0.000 -0.000 -0.000 -0.000 -0.000 -0.000 -0.000 
-0.461 -0.342 -0.254 -0.189 -0.140 -0.103 -0.076 -0.056 -0.042 -0.030 -0.022 -0.016 -0.012 -0.009 -0.006 -0.004 -0.003 -0.002 -0.001 -0.001 -0.000 -0.000  0.000  0.000  0.000  0.000  0.000  0.000  0.000  0.000  0.000  0.000  0.000  0.000  0.000  0.000  0.000  0.000  0.000  0.000  0.000  0.000  0.000  0.000  0.000  0.000  0.000  0.000  0.000  0.000  0.000  0.000  0.000 -0.000 -0.000 -0.000 -0.000 -0.000 -0.000 -0.000 -0.000 -0.000 -0.000 -0.000 -0.000 
-0.332 -0.247 -0.183 -0.136 -0.101 -0.075 -0.055 -0.041 -0.030 -0.022 -0.016 -0.012 -0.009 -0.006 -0.004 -0.003 -0.002 -0.001 -0.001 -0.001 -0.000 -0.000  0.000  0.000  0.000  0.000  0.000  0.000  0.000  0.000  0.000  0.000  0.000  0.000  0.000  0.000  0.000  0.000  0.000  0.000  0.000  0.000  0.000  0.000  0.000  0.000  0.000  0.000  0.000  0.000  0.000  0.000 -0.000 -0.000 -0.000 -0.000 -0.000 -0.000 -0.000 -0.000 -0.000 -0.000 -0.000 -0.000 -0.000 
-0.174 -0.129 -0.096 -0.071 -0.053 -0.039 -0.029 -0.021 -0.016 -0.012 -0.008 -0.006 -0.004 -0.003 -0.002 -0.002 -0.001 -0.001 -0.000 -0.000 -0.000  0.000  0.000  0.000  0.000  0.000  0.000  0.000  0.000  0.000  0.000  0.000  0.000  0.000  0.000  0.000  0.000  0.000  0.000  0.000  0.000  0.000  0.000  0.000  0.000  0.000  0.000  0.000  0.000  0.000  0.000  0.000 -0.000 -0.000 -0.000 -0.000 -0.000 -0.000 -0.000 -0.000 -0.000 -0.000 -0.000 -0.000 -0.000 
-0.000 -0.000 -0.000 -0.000 -0.000  0.000  0.000  0.000  0.000  0.000  0.000  0.000  0.000  0.000  0.000  0.000  0.000  0.000  0.000  0.000  0.000  0.000  0.000  0.000  0.000  0.000  0.000  0.000  0.000  0.000  0.000  0.000  0.000  0.000  0.000  0.000  0.000  0.000  0.000  0.000  0.000  0.000  0.000  0.000  0.000  0.000  0.000  0.000  0.000  0.000  0.000  0.000 -0.000 -0.000 -0.000 -0.000 -0.000 -0.000 -0.000 -0.000 -0.000 -0.000 -0.000 -0.000 -0.000 
 0.173  0.129  0.096  0.071  0.053  0.039  0.029  0.021  0.016  0.012  0.009  0.006  0.005  0.003  0.003  0.002  0.001  0.001  0.001  0.001  0.000  0.000  0.000  0.000  0.000  0.000  0.000  0.000  0.000  0.000  0.000  0.000  0.000  0.000  0.000  0.000  0.000  0.000  0.000  0.000  0.000  0.000  0.000  0.000  0.000  0.000  0.000  0.000  0.000  0.000  0.000 -0.000 -0.000 -0.000 -0.000 -0.000 -0.000 -0.000 -0.000 -0.000 -0.000 -0.000 -0.000 -0.000 -0.000 
 0.332  0.246  0.183  0.136  0.101  0.075  0.055  0.041  0.030  0.022  0.016  0.012  0.009  0.006  0.005  0.003  0.002  0.002  0.001  0.001  0.001  0.000  0.000  0.000  0.000  0.000  0.000  0.000  0.000  0.000  0.000  0.000  0.000  0.000  0.000  0.000  0.000  0.000  0.000  0.000  0.000  0.000  0.000  0.000  0.000  0.000  0.000  0.000  0.000  0.000 -0.000 -0.000 -0.000 -0.000 -0.000 -0.000 -0.000 -0.000 -0.000 -0.000 -0.000 -0.000 -0.000 -0.000 -0.000 
 0.461  0.342  0.254  0.188  0.140  0.103  0.076  0.056  0.042  0.031  0.023  0.016  0.012  0.009  0.006  0.005  0.003  0.002  0.002  0.001  0.001  0.001  0.000  0.000  0.000  0.000  0.000  0.000  0.000  0.000  0.000  0.000  0.000  0.000  0.000  0.000  0.000  0.000  0.000  0.000  0.000  0.000  0.000  0.000  0.000  0.000  0.000  0.000  0.000 -0.000 -0.000 -0.000 -0.000 -0.000 -0.000 -0.000 -0.000 -0.000 -0.000 -0.000 -0.000 -0.000 -0.000 -0.000 -0.000 
 0.549  0.408  0.303  0.224  0.166  0.123  0.091  0.067  0.049  0.036  0.027  0.019  0.014  0.010  0.007  0.005  0.004  0.003  0.002  0.001  0.001  0.001  0.000  0.000  0.000  0.000 -0.000 -0.000 -0.000 -0.000 -0.000 -0.000 -0.000 -0.000 -0.000 -0.000 -0.000 -0.000  0.000  0.000  0.000  0.000  0.000  0.000  0.000  0.000 -0.000 -0.000 -0.000 -0.000 -0.000 -0.000 -0.000 -0.000 -0.000 -0.000 -0.000 -0.000 -0.000 -0.000 -0.000 -0.000 -0.000 -0.000 -0.000 
 0.589  0.437  0.324  0.240  0.178  0.131  0.097  0.071  0.052  0.038  0.028  0.020  0.015  0.011  0.008  0.005  0.004  0.003  0.002  0.001  0.001  0.000  0.000  0.000 -0.000 -0.000 -0.000 -0.000 -0.000 -0.000 -0.000 -0.000 -0.000 -0.000 -0.000 -0.000 -0.000 -0.000 -0.000 -0.000 -0.000 -0.000 -0.000 -0.000 -0.000 -0.000 -0.000 -0.000 -0.000 -0.000 -0.000 -0.000 -0.000 -0.000 -0.000 -0.000 -0.000 -0.000 -0.000 -0.000 -0.000 -0.000 -0.000 -0.000 -0.000 
 0.576  0.427  0.317  0.234  0.173  0.128  0.094  0.069  0.051  0.037  0.027  0.020  0.014  0.010  0.007  0.005  0.003  0.002  0.001  0.001  0.001  0.000  0.000 -0.000 -0.000 -0.000 -0.000 -0.000 -0.000 -0.000 -0.000 -0.000 -0.000 -0.000 -0.000 -0.000 -0.000 -0.000 -0.000 -0.000 -0.000 -0.000 -0.000 -0.000 -0.000 -0.000 -0.000 -0.000 -0.000 -0.000 -0.000 -0.000 -0.000 -0.000 -0.000 -0.000 -0.000 -0.000 -0.000 -0.000 -0.000 -0.000 -0.000 -0.000 -0.000 
 0.513  0.380  0.281  0.207  0.153  0.112  0.083  0.060  0.044  0.032  0.023  0.017  0.012  0.008  0.006  0.004  0.003  0.002  0.001  0.001  0.000 -0.000 -0.000 -0.000 -0.000 -0.000 -0.000 -0.000 -0.000 -0.000 -0.000 -0.000 -0.000 -0.000 -0.000 -0.000 -0.000 -0.000 -0.000 -0.000 -0.000 -0.000 -0.000 -0.000 -0.000 -0.000 -0.000 -0.000 -0.000 -0.000 -0.000 -0.000 -0.000 -0.000 -0.000 -0.000 -0.000 -0.000 -0.000 -0.000 -0.000 -0.000 -0.000 -0.000 -0.000 
 0.403  0.298  0.219  0.161  0.118  0.087  0.063  0.046  0.033  0.024  0.017  0.012  0.008  0.006  0.004  0.002  0.001  0.001  0.000 -0.000 -0.000 -0.000 -0.000 -0.000 -0.000 -0.000 -0.000 -0.000 -0.000 -0.000 -0.000 -0.000 -0.000 -0.000 -0.000 -0.000 -0.000 -0.000 -0.000 -0.000 -0.000 -0.000 -0.000 -0.000 -0.000 -0.000 -0.000 -0.000 -0.000 -0.000 -0.000 -0.000 -0.000 -0.000 -0.000 -0.000 -0.000 -0.000 -0.000 -0.000 -0.000 -0.000 -0.000 -0.000 -0.000 
 0.257  0.188  0.138  0.100  0.073  0.053  0.038  0.027  0.019  0.013  0.009  0.006  0.004  0.002  0.001  0.000 -0.000 -0.000 -0.001 -0.001 -0.001 -0.001 -0.001 -0.001 -0.001 -0.001 -0.001 -0.001 -0.000 -0.000 -0.000 -0.000 -0.000 -0.000 -0.000 -0.000 -0.000 -0.000 -0.000 -0.000 -0.000 -0.000 -0.000 -0.000 -0.000 -0.000 -0.000 -0.000 -0.000 -0.000 -0.000 -0.000 -0.000 -0.000 -0.000 -0.000 -0.000 -0.000 -0.000 -0.000 -0.000 -0.000 -0.000 -0.000 -0.000 
 0.086  0.061  0.043  0.030  0.020  0.013  0.008  0.005  0.003  0.001 -0.000 -0.001 -0.001 -0.002 -0.002 -0.002 -0.002 -0.002 -0.002 -0.001 -0.001 -0.001 -0.001 -0.001 -0.001 -0.001 -0.001 -0.001 -0.001 -0.001 -0.000 -0.000 -0.000 -0.000 -0.000 -0.000 -0.000 -0.000 -0.000 -0.000 -0.000 -0.000 -0.000 -0.000 -0.000 -0.000 -0.000 -0.000 -0.000 -0.000 -0.000 -0.000 -0.000 -0.000 -0.000 -0.000 -0.000 -0.000 -0.000 -0.000 -0.000 -0.000 -0.000 -0.000 -0.000 
-0.093 -0.073 -0.057 -0.045 -0.035 -0.028 -0.023 -0.018 -0.015 -0.012 -0.010 -0.008 -0.007 -0.006 -0.005 -0.004 -0.003 -0.003 -0.003 -0.002 -0.002 -0.002 -0.001 -0.001 -0.001 -0.001 -0.001 -0.001 -0.001 -0.001 -0.001 -0.000 -0.000 -0.000 -0.000 -0.000 -0.000 -0.000 -0.000 -0.000 -0.000 -0.000 -0.000 -0.000 -0.000 -0.000 -0.000 -0.000 -0.000 -0.000 -0.000 -0.000 -0.000 -0.000 -0.000 -0.000 -0.000 -0.000 -0.000 -0.000 -0.000 -0.000 -0.000 -0.000 -0.000 
-0.267 -0.202 -0.153 -0.117 -0.089 -0.068 -0.052 -0.040 -0.031 -0.024 -0.019 -0.015 -0.012 -0.009 -0.008 -0.006 -0.005 -0.004 -0.003 -0.003 -0.002 -0.002 -0.002 -0.002 -0.001 -0.001 -0.001 -0.001 -0.001 -0.001 -0.001 -0.001 -0.000 -0.000 -0.000 -0.000 -0.000 -0.000 -0.000 -0.000 -0.000 -0.000 -0.000 -0.000 -0.000 -0.000 -0.000 -0.000 -0.000 -0.000 -0.000 -0.000 -0.000 -0.000 -0.000 -0.000 -0.000 -0.000 -0.000 -0.000 -0.000 -0.000 -0.000 -0.000 -0.000 
-0.419 -0.315 -0.238 -0.179 -0.136 -0.103 -0.078 -0.059 -0.045 -0.035 -0.027 -0.021 -0.016 -0.013 -0.010 -0.008 -0.006 -0.005 -0.004 -0.003 -0.003 -0.002 -0.002 -0.002 -0.001 -0.001 -0.001 -0.001 -0.001 -0.001 -0.001 -0.001 -0.000 -0.000 -0.000 -0.000 -0.000 -0.000 -0.000 -0.000 -0.000 -0.000 -0.000 -0.000 -0.000 -0.000 -0.000 -0.000 -0.000 -0.000 -0.000 -0.000 -0.000 -0.000 -0.000 -0.000 -0.000 -0.000 -0.000 -0.000 -0.000 -0.000 -0.000 -0.000 -0.000 
-0.537 -0.403 -0.303 -0.228 -0.171 -0.129 -0.098 -0.074 -0.056 -0.043 -0.033 -0.025 -0.019 -0.015 -0.012 -0.009 -0.007 -0.006 -0.005 -0.004 -0.003 -0.003 -0.002 -0.002 -0.002 -0.001 -0.001 -0.001 -0.001 -0.001 -0.001 -0.001 -0.001 -0.000 -0.000 -0.000 -0.000 -0.000 -0.000 -0.000 -0.000 -0.000 -0.000 -0.000 -0.000 -0.000 -0.000 -0.000 -0.000 -0.000 -0.000 -0.000 -0.000 -0.000 -0.000 -0.000 -0.000 -0.000 -0.000 -0.000 -0.000 -0.000 -0.000 -0.000 -0.000 
-0.610 -0.457 -0.342 -0.257 -0.193 -0.145 -0.109 -0.083 -0.063 -0.048 -0.036 -0.028 -0.021 -0.016 -0.013 -0.010 -0.008 -0.006 -0.005 -0.004 -0.003 -0.003 -0.002 -0.002 -0.002 -0.001 -0.001 -0.001 -0.001 -0.001 -0.001 -0.001 -0.001 -0.000 -0.000 -0.000 -0.000 -0.000 -0.000 -0.000 -0.000 -0.000 -0.000 -0.000 -0.000 -0.000 -0.000 -0.000 -0.000 -0.000 -0.000 -0.000 -0.000 -0.000 -0.000 -0.000 -0.000 -0.000 -0.000 -0.000 -0.000 -0.000 -0.000 -0.000 -0.000 
-0.631 -0.472 -0.353 -0.265 -0.199 -0.149 -0.112 -0.085 -0.064 -0.049 -0.037 -0.028 -0.022 -0.017 -0.013 -0.010 -0.008 -0.006 -0.005 -0.004 -0.003 -0.003 -0.002 -0.002 -0.002 -0.001 -0.001 -0.001 -0.001 -0.001 -0.001 -0.001 -0.001 -0.000 -0.000 -0.000 -0.000 -0.000 -0.000 -0.000 -0.000 -0.000 -0.000 -0.000 -0.000 -0.000 -0.000 -0.000 -0.000 -0.000 -0.000 -0.000 -0.000 -0.000 -0.000 -0.000 -0.000 -0.000 -0.000 -0.000 -0.000 -0.000 -0.000 -0.000 -0.000
